2201,11002,11011,11100,11022
10022,11010,11100 11102,10220,11000,11000 11020,10202,10200,10202,10220,11101,10202 11022,11102,11010 11000,10220,11002,10202,11021 11010,10210 10220,11002,11011,11100,11022,1201 10010,10212,10202 10210,10220,11020,11021,11022 11000,10220,11002,10202 11102,10220,11000,11000 10122,10202 11022,10202,11110,11022 11022,11010 10200,11010,11002,11101,10202,11020,11022 10220,11002,11022,11010 10202,11002,10200,11010,10201,10202,10201 2102,10002,2111,2201,2201,1201 10010,10212,10202 11021,10202,10200,11010,11002,10201 11000,10220,11002,10202 11102,10220,11000,11000 10122,10202 11022,10212,10202 10122,10121,11021,10202 11022,11010 11100,11021,10202 11022,11010 10200,11010,11002,11101,10202,11020,11022 11022,10212,10202 11022,10202,11110,11022,1201

    2201,11022 10220,11021 10121 11011,10202,11020,10220,11010,10201 11010,10210 10200,10220,11101,10220,11000 11102,10121,11020,1201 10001,10202,10122,10202,11000 11021,11011,10121,10200,10202,11021,10212,10220,11011,11021,1122 11021,11022,11020,10220,10222,10220,11002,10211 10210,11020,11010,11001 10121 10212,10220,10201,10201,10202,11002 10122,10121,11021,10202,1122 10212,10121,11101,10202 11102,11010,11002 11022,10212,10202,10220,11020 10210,10220,11020,11021,11022 11101,10220,10200,11022,11010,11020,11111 10121,10211,10121,10220,11002,11021,11022 11022,10212,10202 10202,11101,10220,11000 2122,10121,11000,10121,10200,11022,10220,10200 2120,11001,11011,10220,11020,10202,1201
    2002

2221,11100,11022,11011,11100,11022
2221,11100,11022,11011,11100,11022 11022,10212,10202 10202,11002,10200,11010,10201,10202,10201 2102,10002,2111,2201,2201,1201

    1211,1211,1211,1122,1211,2000,1221 1211,1222,1211,1122,1211,2000,1220 1211,1221,1211 1211,2000,1210,1122,1211,1221,1222,1122,1211,2000,1212,1122,1211,1222,1211,1122,1211,1222,2001,1122,1211,1221,1221 1211,1222,2001,1122,1211,1221,2000 1211,1221,1220,1122,1211,1222,1211,1122,1211,2000,2000,1122,1211,1222,1211,1122,1211,1222,1221 1211,2000,2001,1122,1211,1221,1211,1122,1211,2000,1212,1122,1222,2000 1211,1212,1212,1122,1211,1221,1222,1122,1211,1221,1212,1122,1211,1221,1222,1122,1211,1222,1221 1211,2000,1220,1122,1211,2000,1210,1122,1211,1221,1211,1122,1211,1221,1220,1122,1211,1221,1222,1122,1211,2000,1220,1122,1211,1222,1210,1122,1211,1222,1211,1122,1211,2000,1210,1122,1211,2000,1220,1122,1222,1221 1211,2000,1220,1122,1211,2000,1221,1122,1211,2000,1212,1122,1211,1222,1211,1122,1211,1222,1220,1122,1211,1222,1211,1122,1211,1222,2000,1122,1211,1221,2001 1211,1221,2000,1122,1211,2000,1212,1122,1211,1222,2001,1122,1211,1222,1222 1211,1221,1211 1211,1222,1210,1122,1211,1222,1211,1122,1211,1221,1221,1122,1211,1221,1221,1122,1211,1221,1222,1122,1211,1222,2000 1211,1221,1212,1122,1211,1221,1211,1122,1211,2000,1220,1122,1211,1221,1222,1122,1222,1221 1211,1222,1210,1122,1211,1221,1211,1122,1211,2000,2000,1122,1211,1221,1222 1211,2000,2001,1122,1211,1222,2001,1122,1211,1222,2000 1211,2000,1221,1122,1211,1222,1210,1122,1211,1221,1222,1122,1211,1222,1211,1122,1211,2000,1212 1211,1221,2000,1122,1211,1222,1211,1122,1211,2000,1212,1122,1211,2000,1220,1122,1211,2000,1221 1211,2000,2000,1122,1211,1222,1211,1122,1211,1221,1220,1122,1211,2000,1221,1122,1211,1222,2001,1122,1211,2000,1212,1122,1211,2001,1211 1211,1221,1211,1122,1211,1221,2001,1122,1211,1221,1211,1122,1211,1222,1211,1122,1211,1222,2000,1122,1211,2000,1220,1122,1211,2000,1221 1211,2000,1221,1122,1211,1222,1210,1122,1211,1221,1222 1211,1221,1222,1122,1211,2000,2000,1122,1211,1222,1211,1122,1211,1222,1221 1211,1210,2001,1122,1211,1221,1211,1122,1211,1222,1221,1122,1211,1221,1211,1122,1211,1221,1220,1122,1211,2000,1221,1122,1211,1222,1211,1122,1211,1221,1220 1211,1210,1222,1122,1211,1222,1222,1122,1211,2000,1210,1122,1211,1222,1211,1122,1211,2000,1212,1122,1211,1221,1222,1122,1222,2000

2112,10220,11021,10200,11100,11021,11021,10220,11010,11002
2112,11010 11002,11010,11022 10200,11010,11002,11101,10202,11020,11022 11021,11011,10121,10200,10202,11021,1122 11000,10202,10121,11101,10202 11021,11011,10121,10200,10202,11021 10121,11021 11021,11011,10121,10200,10202,11021,1201 10002,10202,11011,10121,11020,10121,11022,10202 10202,10121,10200,10212 10202,11002,10200,11010,10201,10202,10201 10200,10212,10121,11020,10121,10200,11022,10202,11020 11102,10220,11022,10212 10121 10200,11010,11001,11001,10121 11022,11010 11001,10121,10222,10202 10201,10202,10200,11010,10201,10220,11002,10211 10202,10121,11021,10220,10202,11020,1201