01110010100111110111000000010010101110101100111111000101010110111011011100110000
01101011011111001111110111011011111010010010001000000000111110101100111001011111
11111110111111010110011100111011101111010110010100000110000011011110000100010000
00110111011100101110001001001011111101110110000010000000111101100101111110101011
00010000001010010000010011011111010011000000101011110011110011001111110010000100
00001011001010111011000001011110111010111000010000111110111100010001011101111101
11011011010010111011110111000010101110100010100000011011010011011101010011100011
10010111001011010001100110100101111111011100110010100000001000000100010001101000
11101010000101111111011001001011001110010000010100100000000110110111101010111001
01001010011101000111011111000001001010111110000010111111001101000101001010110000
00010111111100101001001000000111100100110001100010100100001101001010010001101110
00100011100000111111110010111111100100110001111110110011011111111001000010001010
