01100011011010011111100010101011110010010000111111111100011100011010001001001111
01001111000001000000111000110101101001110100111111100101101110011001010110000111
11010011010110101111110101110010111011101010111111100100110110001010010000000101
11001011000101100011100011010111000011101111010000011001010001101001110010100001
10010100001011000001101100010110101111001101111010110010010101110001001000111001
11110110001100000110011001000001001101001001000001110001111000110110010100011010
11001001110111010100001001110000100110100100001011100110111111100001011100111100
00000001111110100001100000101011100100100111001001100111010110010011000010000111
10000011001111101100001110010110100010100010101100010111001100010010000110001101
01110111011101000001111011011111011110000110000010001000000110110001101011101001
00011000111011010100000110001000000001010001100001001111100001101001000000100101
10010110111111011101011010101111101101011101000110000010111111001101001010111101
